% time     seconds  usecs/call     calls    errors syscall
------ ----------- ----------- --------- --------- ------------------
 85.99    1.287543       32188        40        10 wait4
  1.97    0.029449           2     13420      2731 openat2
  1.68    0.025153           1     12613     10636 readlinkat
  1.54    0.023041           1     13028           close
  1.30    0.019395           3      5161      2073 mmap
  1.02    0.015285           3      4500      2343 openat
  0.65    0.009658         321        30           execveat
  0.55    0.008243           2      2982       900 newfstatat
  0.55    0.008217         134        61           clone
  0.54    0.008023           3      2323           read
  0.51    0.007636           7      1039           madvise
  0.50    0.007462           3      2317        62 pread64
  0.45    0.006710           2      3268           fstat
  0.40    0.006062           2      2206           rt_sigaction
  0.36    0.005317          20       260           process_vm_readv
  0.31    0.004662           2      1612       504 access
  0.21    0.003168           4       781           mprotect
  0.20    0.003013          97        31           rename
  0.18    0.002726           2      1186           rt_sigprocmask
  0.16    0.002445           2      1079      1048 prctl
  0.13    0.002000           2       978       783 readlink
  0.11    0.001718           2       698           _llseek
  0.07    0.001103           2       403           brk
  0.07    0.001001           4       214           munmap
  0.06    0.000916           3       270           write
  0.05    0.000721           2       320           getpid
  0.04    0.000626           8        71           getdents64
  0.04    0.000597           2       298           prlimit64
  0.04    0.000572           2       206           fcntl
  0.03    0.000410           6        62           open
  0.02    0.000364           2       124           sched_getaffinity
  0.02    0.000359           2       124           futex
  0.02    0.000333           1       261       251 faccessat
  0.02    0.000305           9        31           connect
  0.02    0.000289           3        94           uname
  0.02    0.000259           8        31           socket
  0.02    0.000242          12        20           pwrite64
  0.02    0.000236           1       172           gettid
  0.02    0.000230           2       103           getrandom
  0.01    0.000217           2        93           personality
  0.01    0.000186          18        10           unlinkat
  0.01    0.000183           1       120           faccessat2
  0.01    0.000171           1       104       104 ioctl
  0.01    0.000140           1       103           set_robust_list
  0.01    0.000127           4        31        31 unlink
  0.01    0.000122           2        51           getuid
  0.01    0.000120           4        30           rt_sigreturn
  0.01    0.000103           1        61           sigaltstack
  0.01    0.000103           1        60           statfs64
  0.01    0.000081           2        31           rseq
  0.01    0.000077           2        31           set_tid_address
  0.00    0.000068           1        40           pipe2
  0.00    0.000043           2        20           geteuid
  0.00    0.000039           1        20           getegid
  0.00    0.000038           1        20           getgid
  0.00    0.000023           2        10           getrusage
  0.00    0.000016           0        30           sysinfo
  0.00    0.000004           0        20           getcwd
  0.00    0.000002           0       152           lseek
  0.00    0.000000           0         1           execve
  0.00    0.000000           0         3           getppid
  0.00    0.000000           0         1           getpgid
  0.00    0.000000           0         1           getresuid
  0.00    0.000000           0         1           getresgid
------ ----------- ----------- --------- --------- ------------------
100.00    1.497352          20     73461     21476 total
