# Static host instructions per guest instruction, build-powerarm/Bin/POWERarm at df080ff1f, POWERARM_CODEHASHLOG byte counts
# (block bytes minus the empty block, over 16 repetitions). lo = operands in V0-V15, hi = in V16-V31.
# off/on = POWERARM_VSXCLASSES=0/1. P8 = POWERARM_HOSTFEATURES=disableisa30. gen_shapes2.py generates the guest.
shape          ISA3.0: off-lo off-hi  on-lo  on-hi | P8: off-lo off-hi  on-lo  on-hi
dup_bw                   2.00   3.00   2.00   3.00 |       3.00   4.00   3.00   4.00
dup_ss                   1.00   3.00   1.00   3.00 |       1.00   3.00   1.00   3.00
dup_sw                   1.00   2.00   1.00   2.00 |       3.00   4.00   3.00   4.00
ext3                     1.00   4.00   1.00   4.00 |       1.00   4.00   1.00   4.00
ext4                     1.00   4.00   1.00   4.00 |       1.00   4.00   1.00   4.00
ext8                     1.00   4.00   1.00   4.00 |       1.00   4.00   1.00   4.00
fadd_v4s                11.00  15.00  11.00  11.00 |      11.00  15.00  11.00  11.00
fcmeq_v4s                2.25   5.50   2.25   5.50 |       2.25   5.50   2.25   5.50
fcmgt_v4s                2.25   5.50   2.25   5.50 |       2.25   5.50   2.25   5.50
fcvtl_ds                 2.00   4.00   2.00   4.00 |       2.00   4.00   2.00   4.00
fcvtl_sh                 3.00   5.00   3.00   5.00 |     240.00 246.00 240.00 246.00
fcvtn_hs                 4.00   6.00   4.00   5.00 |     245.00 247.00 245.00 246.00
fcvtn_sd                 5.00   7.00   5.00   6.00 |       5.00   7.00   5.00   6.00
fcvtns_v2d              12.00  14.00  12.00  14.00 |      14.00  16.00  14.00  16.00
fcvtns_v4s               4.00   6.00   4.00   6.00 |       4.00   6.00   4.00   6.00
fcvtzs_v4s               3.00   5.00   3.00   5.00 |       3.00   5.00   3.00   5.00
fmin_v4s                14.00  17.00  14.00  14.00 |      14.00  17.00  14.00  14.00
fmov_v1                  1.00   2.00   1.00   2.00 |       3.00   4.00   3.00   4.00
frintn_v2d               9.00  11.00   9.00  11.00 |      11.00  13.00  11.00  13.00
frintn_v4s               1.00   3.00   1.00   3.00 |       1.00   3.00   1.00   3.00
frintz_v4s               1.00   3.00   1.00   3.00 |       1.00   3.00   1.00   3.00
ins_bw                   2.00   4.00   2.00   4.00 |      16.00  18.00  16.00  18.00
ins_dd                   1.00   4.00   1.00   4.00 |       1.00   4.00   1.00   4.00
ins_ss                   2.00   5.00   2.00   5.00 |      14.00  17.00  14.00  17.00
ins_sw                   2.00   4.00   2.00   4.00 |      16.00  18.00  16.00  18.00
ld1r_s                   2.00   3.00   2.00   3.00 |       4.00   5.00   4.00   5.00
ldr_b                    3.00   4.00   3.00   4.00 |       9.00  10.00   9.00  10.00
ldr_d                    3.00   4.00   3.00   4.00 |       3.00   4.00   3.00   4.00
ldr_h                    3.00   4.00   3.00   4.00 |       9.00  10.00   9.00  10.00
ldr_q                    1.00   2.00   1.00   2.00 |       3.00   4.00   3.00   4.00
ldr_s                    3.00   4.00   3.00   4.00 |       3.00   4.00   3.00   4.00
movi0                    1.00   2.00   1.00   2.00 |       1.00   2.00   1.00   2.00
movi_b55                 1.25   2.25   1.25   2.25 |       3.25   4.25   3.25   4.25
movi_h1                  1.25   2.25   1.25   2.25 |       3.25   4.25   3.25   4.25
movi_w1                  1.25   2.25   1.25   2.25 |       3.25   4.25   3.25   4.25
str_b                    7.00   8.00   7.00   8.00 |       7.00   8.00   7.00   8.00
str_d                    3.00   4.00   3.00   4.00 |       3.00   4.00   3.00   4.00
str_h                    7.00   8.00   7.00   8.00 |       7.00   8.00   7.00   8.00
trn1_v4s                 1.00   4.00   1.00   4.00 |       1.00   4.00   1.00   4.00
trn2_v4s                 1.00   4.00   1.00   4.00 |       1.00   4.00   1.00   4.00
umov_wb                  3.00   4.00   3.00   4.00 |       4.00   5.00   4.00   5.00
umov_ws                  3.00   4.00   3.00   4.00 |       4.00   5.00   4.00   5.00
umov_xd                  1.00   2.00   1.00   2.00 |       1.00   2.00   1.00   2.00
uzp1_v4s                 1.00   4.00   1.00   4.00 |       1.00   4.00   1.00   4.00
uzp2_v4s                 3.00   6.00   3.00   6.00 |       3.00   6.00   3.00   6.00
zip1_v2d                 1.00   4.00   1.00   4.00 |       1.00   4.00   1.00   4.00
zip1_v4s                 1.00   4.00   1.00   4.00 |       1.00   4.00   1.00   4.00
